o Cube.001
t 0.0000 0.0000 0.0000
r 1.0000 0.0000 0.0000 0.0000
s 1.0000 1.0000 1.0000
v -0.7094 0.0000 2.0000
v 0.7094 0.0000 2.0000
v 0.7094 0.0000 4.0000
v -0.7094 0.0000 4.0000
v -0.7094 0.0000 6.0000
v 0.7094 0.0000 6.0000
v 0.7094 0.0000 8.0000
v -0.7094 0.0000 8.0000
v -0.7094 0.0000 9.0000
v 0.7094 0.0000 9.0000
v 0.7094 0.0000 0.0000
v -0.7094 0.0000 0.0000
v -0.7094 0.0000 1.0000
v 0.7094 0.0000 1.0000
v 0.7094 0.0000 3.0000
v -0.7094 0.0000 3.0000
v -0.7094 0.0000 5.0000
v 0.7094 0.0000 5.0000
v 0.7094 0.0000 7.0000
v -0.7094 0.0000 7.0000
e 10 9
e 7 6
e 8 11
e 3 2
e 0 1
e 4 5
e 19 18
e 15 14
e 12 13
e 16 17

