o r_Plane.000
t 0.0000 0.0000 0.0000
r 0.7071 0.7071 0.0000 0.0000
s 1.0000 1.0000 1.0000
v 1.4000 0.4000 0.0000
v 1.4000 0.0000 0.0000
v 1.5548 0.2416 0.0000
v 1.4007 0.2100 0.0000
v 1.6188 0.4000 0.0000
v 1.6428 0.3520 0.0000
v 1.6724 0.0000 0.0000
v 1.0500 0.3384 0.0000
v 1.1616 0.4099 0.0000
v 1.0660 0.0934 0.0000
v 1.0023 0.2216 0.0000
v 1.2999 0.0715 0.0000
v 1.1883 -0.0000 0.0000
v 1.2838 0.3165 0.0000
v 1.2023 0.2216 0.0000
v 0.8573 -0.0000 0.0000
v 1.0073 0.4000 0.0000
v 0.6859 0.4000 0.0000
v 0.3807 0.3384 -0.0000
v 0.4923 0.4099 -0.0000
v 0.3968 0.0934 -0.0000
v 0.3331 0.2216 -0.0000
v 0.6307 0.0715 -0.0000
v 0.5191 -0.0000 -0.0000
v 0.6146 0.3165 -0.0000
v 0.6783 0.1883 -0.0000
v -0.2428 0.3384 0.0000
v -0.1312 0.4099 0.0000
v -0.2267 0.0934 0.0000
v -0.2904 0.2216 0.0000
v 0.0072 0.0715 0.0000
v -0.1044 -0.0000 0.0000
v -0.0089 0.3165 0.0000
v -0.0904 0.2216 0.0000
v -0.8112 0.4000 0.0000
v -0.8112 -0.0000 0.0000
v -0.6023 0.4000 0.0000
v -0.6023 -0.0000 0.0000
v -0.8112 0.1000 0.0000
v -0.7158 0.3384 0.0000
v -0.3935 0.4000 0.0000
v -0.3935 -0.0000 0.0000
v -0.6024 0.1000 0.0000
v -0.5070 0.3384 0.0000
v -1.2459 -0.0000 0.0000
v -1.0659 0.4000 0.0000
v -0.8859 -0.0000 0.0000
v -1.1559 0.4000 0.0000
v -1.0684 0.0300 0.0000
v -0.9400 0.1203 0.0000
v -1.3434 0.3428 0.0000
v -1.3053 0.2493 0.0000
v -1.4326 0.4000 0.0000
v -1.3562 0.1468 0.0000
v -1.5305 0.3253 0.0000
v -1.5814 0.2228 0.0000
v -1.4710 0.0570 0.0000
v -1.3562 -0.1053 0.0000
v -1.3053 -0.0028 0.0000
v -1.5433 -0.1228 0.0000
v -1.4540 -0.1800 0.0000
v -1.5814 -0.0294 0.0000
e 0 1
e 2 3
e 4 5
e 0 4
e 6 3
e 5 2
e 7 10
e 7 8
e 9 10
e 11 12
e 12 9
e 8 13
e 10 14
e 15 16
e 17 15
e 18 21
e 24 25
e 22 25
e 18 19
e 20 21
e 22 23
e 23 20
e 19 24
e 26 29
e 26 27
e 28 29
e 30 31
e 31 28
e 27 32
e 29 33
e 40 41
e 34 35
e 36 37
e 38 39
e 36 39
e 42 43
e 40 43
e 44 45
e 45 46
e 45 47
e 48 49
e 44 48
e 54 55
e 59 60
e 50 51
e 56 55
e 59 61
e 60 57
e 53 61
e 50 52
e 53 51
e 52 54
e 57 58

