o door
t -1.0000 -1.0200 1.0000
r 1.0000 0.0000 0.0000 0.0000
s 1.0000 1.0000 1.0000
v 0.0000 -0.0000 4.0000
v 2.0000 -0.0000 4.0000
v 0.0000 -0.0000 0.0000
v 2.0000 -0.0000 0.0000
v 1.7000 0.3000 2.3600
v 1.7000 0.3000 1.6400
v 1.7000 0.1000 2.3600
v 1.7000 0.1000 1.6400
v 0.0000 -0.0500 4.0000
v 2.0000 -0.0500 4.0000
v 0.0000 -0.0500 0.0000
v 2.0000 -0.0500 0.0000
e 2 0
e 1 0
e 1 3
e 3 2
e 4 5
e 6 4
e 5 7
e 10 8
e 9 8
e 9 11
e 11 10
f 0 3 2
f 11 8 10
f 0 1 3
f 11 9 8

o inner
t 0.0000 0.0000 0.0000
r 1.0000 0.0000 0.0000 0.0000
s 1.0000 1.0000 1.0000
v -0.9688 -1.0000 4.8693
v -0.9688 0.9000 4.8693
v 0.9688 -1.0000 4.8693
v 0.9688 0.9000 4.8693
v -0.9688 -1.0000 1.0000
v -0.9688 0.9000 1.0000
v 0.9688 0.9000 1.0000
v 0.9688 -1.0000 1.0000
v -0.8720 -0.9050 2.7036
v -0.8720 0.8050 2.7036
v 0.8720 0.8050 2.7036
v 0.8720 -0.9050 2.7036
v -0.8720 -0.9050 2.6600
v -0.8720 0.8050 2.6600
v 0.8720 0.8050 2.6600
v 0.8720 -0.9050 2.6600
e 4 0
e 0 1
e 1 3
e 3 2
e 2 0
e 1 5
e 3 6
e 2 7
e 6 7
e 5 6
e 4 5
e 7 4
e 10 11
e 9 10
e 8 9
e 11 8
e 14 15
e 13 14
e 12 13
e 15 12
f 5 0 4
f 6 1 5
f 7 3 6
f 2 1 3
f 5 7 6
f 9 11 10
f 15 13 14
f 5 1 0
f 6 3 1
f 7 2 3
f 2 0 1
f 5 4 7
f 9 8 11
f 15 12 13

o base
t 0.0000 0.0000 0.0000
r 1.0000 0.0000 0.0000 0.0000
s 1.0000 1.0000 1.0000
v -1.0000 -1.0000 0.0000
v -1.0000 -1.0000 5.0000
v -1.0000 1.0000 0.0000
v -1.0000 1.0000 5.0000
v 1.0000 -1.0000 0.0000
v 1.0000 -1.0000 5.0000
v 1.0000 1.0000 0.0000
v 1.0000 1.0000 5.0000
v -1.0000 -1.0000 1.0000
v -1.0000 1.0000 1.0000
v 1.0000 1.0000 1.0000
v 1.0000 -1.0000 1.0000
e 2 0
e 8 1
e 1 3
e 9 2
e 6 2
e 3 7
e 10 6
e 4 6
e 7 5
l 11 4
l 0 4
e 5 1
l 0 8
e 3 9
e 7 10
e 5 11
e 10 11
e 9 10
e 8 9
l 11 8
f 1 9 8
f 7 11 10
f 10 4 6
f 3 5 7
f 9 6 2
f 8 2 0
f 8 4 11
f 1 3 9
f 7 5 11
f 10 11 4
f 3 1 5
f 9 10 6
f 8 9 2
f 8 0 4

