o Plane.002
t 0.0000 0.0000 0.0000
r 1.0000 0.0000 0.0000 0.0000
s 1.0000 1.0000 1.0000
v -0.1500 -0.7084 0.5775
v -0.2250 -0.3000 0.0000
v -0.6500 -0.0000 -1.0000
v 0.6500 -0.0000 -1.0000
v -0.6500 0.0000 1.0000
v 0.6500 0.0000 1.0000
v 0.1500 -0.7084 0.5775
v 0.2250 -0.3000 0.0000
v -0.2250 -0.1000 0.3000
v 0.2250 -0.1000 0.3000
v -0.2250 -0.1000 -0.3000
v 0.2250 -0.1000 -0.3000
v -0.1500 -0.2443 0.1757
v 0.1500 -0.2443 0.1757
e 12 0
e 4 2
e 2 3
e 3 5
e 5 4
e 13 6
e 0 6
e 7 1
e 9 8
e 1 8
e 9 7
e 11 10
e 7 11
e 10 1
e 13 12
f 3 4 2
f 13 0 12
f 9 1 7
f 10 7 1
f 3 5 4
f 13 6 0
f 9 8 1
f 10 11 7

