o Cube
t 0.0000 0.0000 0.0000
r 1.0000 0.0000 0.0000 0.0000
s 1.0000 1.0000 1.0000
v -2.8284 -0.0000 0.0000
v 1.3000 -1.2000 2.0000
v -0.0000 1.9799 0.0000
v -0.0000 -0.9691 2.4428
v 0.0000 -1.9799 0.0000
v -1.3000 -1.2000 2.0000
v 2.8284 0.0000 0.0000
v 0.0000 0.0000 4.0000
v 0.0000 -1.7139 1.1126
v 0.1930 -1.6105 1.9439
v -0.2070 -1.6105 1.9439
v -0.0070 -1.5105 2.1171
v -0.0070 -1.7105 1.7707
e 2 0
e 9 12
e 10 11
e 6 2
e 11 9
e 7 6
e 4 6
e 1 8
e 8 5
e 0 4
e 3 1
e 5 3
e 0 7
e 7 2
e 7 4
e 10 12
f 0 7 2
f 2 7 6
f 6 7 4
f 4 7 0
f 3 8 1
f 3 5 8

