o Cube.012
t 0.0000 0.0000 0.0000
r 1.0000 0.0000 0.0000 0.0000
s 1.0000 1.0000 1.0000
v 0.9428 -0.9276 0.0000
v 1.2278 0.5021 0.0000
v -0.9074 -0.9727 0.0000
v -0.7873 -1.9276 0.0000
v 1.8441 2.6484 -0.0000
v 1.2820 3.2204 -0.0000
v 0.7512 1.6357 -0.0000
v 1.0432 4.2475 -0.0000
v 0.4733 4.4025 -0.0000
v -0.1251 1.6756 -0.0000
v -0.2947 4.5561 -0.0000
v -0.9150 4.4079 -0.0000
v -0.7711 0.8279 -0.0000
v -1.2316 1.3896 -0.0000
v -1.1091 2.3843 -0.0000
v -1.9551 2.2729 -0.0000
v -1.8244 0.9219 -0.0000
v -1.2911 -0.3231 -0.0000
v 0.9428 -1.9276 0.0000
v -1.0355 0.8464 -0.0000
v 0.1030 1.7166 -0.0000
v 0.9194 1.4556 -0.0000
e 1 0
e 18 3
e 18 0
e 12 19
e 1 4
e 4 5
e 21 6
e 6 7
e 7 8
e 20 9
e 9 10
e 10 11
e 11 12
e 19 13
e 13 14
e 14 15
e 15 16
e 16 17
e 2 17
e 2 3
e 8 20
e 5 21
f 11 12 9
f 1 4 21
f 4 5 21
f 3 18 0
f 0 1 12
f 1 21 12
f 12 21 20
f 6 7 20
f 7 8 20
f 21 6 20
f 2 3 0
f 16 17 19
f 17 2 12
f 19 17 12
f 14 15 13
f 15 16 13
f 2 0 12
f 12 20 9
f 19 13 16
f 10 11 9

