o Plane
t 0.0000 0.0000 0.0000
r 1.0000 0.0000 0.0000 0.0000
s 1.0000 1.0000 1.0000
v -2.2775 -4.1101 0.0000
v 2.6476 -2.9945 -0.0000
v -2.6938 2.7632 0.0000
v 2.2599 3.9020 0.0000
v -1.5143 -1.2170 -0.0000
v 2.0374 0.0606 0.0000
v -1.4658 2.1300 0.0000
v -2.2775 -4.1101 -2.0000
v 2.6476 -2.9945 -2.0000
v -2.6938 2.7632 -2.0000
v 2.2599 3.9020 -2.0000
v -1.5143 -1.2170 -2.0000
v 2.0374 0.0606 -2.0000
v -1.4658 2.1300 -2.0000
v -36.0911 19.4931 0.0000
v 39.9835 19.4931 0.0000
v -36.0911 -18.5547 -0.0000
v 39.9835 -10.4179 -0.0000
l 4 0
l 5 3
l 6 2
l 2 4
l 1 5
l 3 6
e 13 9
e 12 10
e 7 8
e 11 7
e 9 11
l 0 1
e 8 12
e 10 13
e 0 7
e 11 4
e 6 13
e 10 3
e 2 9
e 1 8
e 5 12
l 17 15
e 17 1
l 14 16
e 0 16
e 4 16
e 3 15
l 16 17
e 2 14
e 5 17
l 15 14
e 14 6
f 2 13 6
f 7 1 8
f 0 11 4
f 6 10 3
f 5 8 1
f 4 9 2
f 3 12 5
f 0 17 1
f 0 4 16
f 3 14 6
f 2 16 4
f 3 17 15
f 5 1 17
f 2 6 14
f 2 9 13
f 7 0 1
f 0 7 11
f 6 13 10
f 5 12 8
f 4 11 9
f 3 10 12
f 0 16 17
f 3 15 14
f 2 14 16
f 3 5 17

