o Cube.014
t 0.0000 0.0000 0.0000
r 1.0000 0.0000 0.0000 0.0000
s 1.0000 1.0000 1.0000
v -0.5657 -0.0000 -1.1000
v -0.5657 -0.0000 0.9000
v -0.0000 0.5657 -1.1000
v -0.0000 0.5657 0.9000
v 0.0000 -0.5657 -1.1000
v 0.0000 -0.5657 0.9000
v 0.5657 0.0000 -1.1000
v 0.5657 0.0000 0.9000
v -0.2828 -0.0000 1.3000
v -0.0000 0.2828 1.3000
v 0.0000 -0.2828 1.3000
v 0.2828 0.0000 1.3000
v -0.2828 -0.0000 2.1000
v -0.0000 0.2828 2.1000
v 0.0000 -0.2828 2.1000
v 0.2828 0.0000 2.1000
e 2 0
e 0 1
e 1 3
e 3 2
e 6 2
e 3 7
e 7 6
e 4 6
e 7 5
e 5 4
e 0 4
e 5 1
e 8 9
e 9 11
e 11 10
e 10 8
e 3 9
e 11 7
e 10 5
e 1 8
e 12 13
e 13 15
e 15 14
e 14 12
e 11 15
e 14 10
e 8 12
e 13 9
f 1 2 0
f 3 6 2
f 7 4 6
f 5 0 4
f 6 0 2
f 3 11 7
f 11 14 10
f 7 10 5
f 1 9 3
f 5 8 1
f 13 14 15
f 8 13 9
f 10 12 8
f 9 15 11
f 1 3 2
f 3 7 6
f 7 5 4
f 5 1 0
f 6 4 0
f 3 9 11
f 11 15 14
f 7 11 10
f 1 8 9
f 5 10 8
f 13 12 14
f 8 12 13
f 10 14 12
f 9 13 15

