o CREDITS_proxy
t 6.1406 0.0000 -5.5410
r 0.7071 0.7071 0.0000 0.0000
s 1.5000 1.5000 1.5000
v 0.2800 0.4000 0.0000
v 0.3080 0.3000 0.0000
v 0.0000 0.4000 0.0000
v 0.1400 0.5400 0.0000
v 0.1400 0.1400 0.0000
v -0.0280 0.3000 0.0000
v 0.1700 0.0000 0.0000
v -4.0697 -0.2951 0.0000
v -3.9953 -0.2474 0.0000
v -3.9030 -0.4730 0.0000
v -3.9775 -0.5207 0.0000
v -4.0590 -0.4584 0.0000
v -3.9138 -0.3096 0.0000
v -3.6759 -0.2540 0.0000
v -3.6572 -0.3207 0.0000
v -3.8626 -0.2540 0.0000
v -3.7692 -0.1607 0.0000
v -3.7692 -0.4273 0.0000
v -3.8812 -0.3207 0.0000
v -3.7492 -0.5207 0.0000
v -3.5967 -0.2951 0.0000
v -3.5223 -0.2474 0.0000
v -3.5860 -0.4584 0.0000
v -3.6285 -0.3729 0.0000
v -3.4301 -0.4730 0.0000
v -3.5045 -0.5207 0.0000
v -3.4408 -0.3096 0.0000
v -3.4951 -0.3729 0.0000
v -3.0946 -0.3207 0.0000
v -3.1582 -0.4796 0.0000
v -3.2339 -0.5207 0.0000
v -3.2339 -0.2540 0.0000
v -3.0946 -0.2540 0.0000
v -3.3731 -0.5207 0.0000
v -3.3731 -0.2540 0.0000
v -3.2339 -0.3207 0.0000
v -3.2974 -0.4796 0.0000
v -3.0561 -0.5207 0.0000
v -2.9361 -0.2540 0.0000
v -2.8161 -0.5207 0.0000
v -2.9961 -0.2540 0.0000
v -2.9377 -0.5007 0.0000
v -2.8522 -0.4405 0.0000
v -2.7390 -0.2540 0.0000
v -2.7390 -0.5207 0.0000
v -2.6359 -0.3596 0.0000
v -2.7386 -0.3807 0.0000
v -2.5932 -0.2540 0.0000
v -2.5772 -0.2860 0.0000
v -2.5574 -0.5207 0.0000
v -2.2754 -0.2540 0.0000
v -2.2568 -0.3207 0.0000
v -2.4621 -0.2540 0.0000
v -2.3688 -0.1607 0.0000
v -2.3688 -0.4273 0.0000
v -2.4808 -0.3207 0.0000
v -2.3488 -0.5207 0.0000
v -1.7157 -0.2921 0.0000
v -1.6903 -0.3544 0.0000
v -1.7752 -0.2540 0.0000
v -1.7243 -0.4228 0.0000
v -1.8404 -0.3038 0.0000
v -1.8744 -0.3722 0.0000
v -1.8008 -0.4827 0.0000
v -1.7243 -0.5909 0.0000
v -1.6903 -0.5225 0.0000
v -1.8490 -0.6025 0.0000
v -1.7895 -0.6407 0.0000
v -1.8744 -0.5402 0.0000
v -1.6261 -0.2540 0.0000
v -1.6261 -0.5207 0.0000
v -1.5230 -0.3596 0.0000
v -1.6257 -0.3807 0.0000
v -1.4803 -0.2540 0.0000
v -1.4643 -0.2860 0.0000
v -1.4445 -0.5207 0.0000
v -1.3904 -0.5207 0.0000
v -1.2704 -0.2540 0.0000
v -1.1504 -0.5207 0.0000
v -1.3304 -0.2540 0.0000
v -1.2721 -0.5007 0.0000
v -1.1865 -0.4405 0.0000
v -1.0510 -0.2540 0.0000
v -1.0510 -0.5207 0.0000
v -0.8521 -0.2540 0.0000
v -0.8521 -0.5207 0.0000
v -1.0510 -0.4540 0.0000
v -0.9601 -0.2951 0.0000
v -0.5755 -0.2540 0.0000
v -0.5569 -0.3207 0.0000
v -0.7622 -0.2540 0.0000
v -0.6689 -0.1607 0.0000
v -0.6689 -0.4273 0.0000
v -0.7809 -0.3207 0.0000
v -0.6489 -0.5207 0.0000
v -0.4803 0.4000 -0.0000
v -0.4803 0.0000 -0.0000
v -0.1819 0.4000 -0.0000
v -0.1819 0.0000 -0.0000
v -0.4803 0.1000 -0.0000
v -0.3440 0.3384 -0.0000
v -0.8891 0.3384 -0.0000
v -0.7775 0.4099 -0.0000
v -0.8730 0.0934 -0.0000
v -0.9367 0.2216 -0.0000
v -0.6391 0.0715 -0.0000
v -0.7507 0.0000 -0.0000
v -0.6552 0.3165 -0.0000
v -0.7367 0.2216 -0.0000
v -1.4405 0.4000 -0.0000
v -1.4405 0.0000 -0.0000
v -1.2316 0.4000 -0.0000
v -1.2316 0.0000 -0.0000
v -1.4405 0.1000 -0.0000
v -1.3451 0.3384 -0.0000
v -1.0228 0.4000 -0.0000
v -1.0228 0.0000 -0.0000
v -1.2316 0.1000 -0.0000
v -1.1363 0.3384 -0.0000
v -1.7949 0.3384 -0.0000
v -1.6833 0.4099 -0.0000
v -1.7789 0.0934 -0.0000
v -1.8425 0.2216 -0.0000
v -1.5450 0.0715 -0.0000
v -1.6566 0.0000 -0.0000
v -1.5611 0.3165 -0.0000
v -1.6425 0.2216 -0.0000
v -2.0525 0.3428 0.0000
v -2.0144 0.2493 0.0000
v -2.1418 0.4000 0.0000
v -2.0654 0.1468 0.0000
v -2.2396 0.3253 0.0000
v -2.2906 0.2228 0.0000
v -2.1802 0.0570 0.0000
v -2.0654 -0.1053 0.0000
v -2.0144 -0.0028 0.0000
v -2.2525 -0.1228 0.0000
v -2.1632 -0.1800 0.0000
v -2.2906 -0.0294 0.0000
v -2.7275 0.0000 -0.0000
v -2.5475 0.4000 -0.0000
v -2.3675 0.0000 -0.0000
v -2.6375 0.4000 -0.0000
v -2.5500 0.0300 -0.0000
v -2.4217 0.1203 -0.0000
v -3.1172 0.4000 -0.0000
v -3.1172 0.0000 -0.0000
v -2.8189 0.4000 -0.0000
v -2.8189 0.0000 -0.0000
v -3.1172 0.1000 -0.0000
v -2.9809 0.3384 -0.0000
v -3.5840 0.0000 -0.0000
v -3.4040 0.4000 -0.0000
v -3.2240 0.0000 -0.0000
v -3.4940 0.4000 -0.0000
v -3.4065 0.0300 -0.0000
v -3.2782 0.1203 -0.0000
v -4.0671 0.4000 -0.0000
v -4.0671 0.0000 -0.0000
v -3.8582 0.4000 -0.0000
v -3.8582 0.0000 -0.0000
v -4.0671 0.1000 -0.0000
v -3.9717 0.3384 -0.0000
v -3.6494 0.4000 -0.0000
v -3.6494 0.0000 -0.0000
v -3.8583 0.1000 -0.0000
v -3.7629 0.3384 -0.0000
v -4.0753 5.7431 -0.0000
v -4.0753 5.4764 -0.0000
v -3.9361 5.7431 -0.0000
v -3.9361 5.4764 -0.0000
v -4.0753 5.5431 -0.0000
v -4.0117 5.7020 -0.0000
v -3.7969 5.7431 -0.0000
v -3.7969 5.4764 -0.0000
v -3.9361 5.5431 -0.0000
v -3.8725 5.7020 -0.0000
v -3.6976 5.7431 -0.0000
v -3.6976 5.4764 -0.0000
v -3.6976 5.8364 -0.0000
v -3.6976 5.8098 -0.0000
v -3.5503 5.4764 -0.0000
v -3.5703 5.5698 -0.0000
v -3.5703 5.8364 -0.0000
v -3.2999 5.7431 0.0000
v -3.2813 5.6764 0.0000
v -3.4866 5.7431 0.0000
v -3.3933 5.8364 0.0000
v -3.3933 5.5698 0.0000
v -3.5053 5.6764 0.0000
v -3.3733 5.4764 0.0000
v -3.1825 5.7020 0.0000
v -3.1081 5.7497 0.0000
v -3.1718 5.5387 0.0000
v -3.2142 5.6242 0.0000
v -3.0159 5.5241 0.0000
v -3.0903 5.4764 0.0000
v -3.0266 5.6875 0.0000
v -2.9841 5.6020 0.0000
v -2.9011 5.7431 0.0000
v -2.9011 5.4764 0.0000
v -2.7022 5.7431 0.0000
v -2.7022 5.4764 0.0000
v -2.9011 5.5431 0.0000
v -2.8103 5.7020 0.0000
v -2.2917 5.3564 0.0000
v -2.2917 5.7431 0.0000
v -2.1517 5.7431 0.0000
v -2.1850 5.5231 0.0000
v -2.2917 5.4764 0.0000
v -2.1184 5.6764 0.0000
v -1.9982 5.4764 0.0000
v -2.0182 5.5698 0.0000
v -2.0182 5.8364 0.0000
v -1.8585 5.7020 0.0000
v -1.7841 5.7497 0.0000
v -1.8478 5.5387 0.0000
v -1.8903 5.6242 0.0000
v -1.6919 5.5241 0.0000
v -1.7663 5.4764 0.0000
v -1.7026 5.6875 0.0000
v -1.6602 5.6020 0.0000
v -1.4197 5.7431 0.0000
v -1.4010 5.6764 0.0000
v -1.6063 5.7431 0.0000
v -1.5130 5.8364 0.0000
v -1.5130 5.5698 0.0000
v -1.6250 5.6764 0.0000
v -1.4930 5.4764 0.0000
v -1.2893 5.8364 -0.0000
v -1.2893 5.4764 -0.0000
v -1.1082 5.4764 -0.0000
v -1.2893 5.6164 -0.0000
v -1.1302 5.7431 -0.0000
v -1.1082 5.7031 -0.0000
v -0.9529 5.7431 -0.0000
v -0.9529 5.4764 -0.0000
v -0.9529 5.8364 -0.0000
v -0.9529 5.8098 -0.0000
v -0.8261 5.7431 -0.0000
v -0.8261 5.4764 -0.0000
v -0.6273 5.7431 -0.0000
v -0.6273 5.4764 -0.0000
v -0.8261 5.5431 -0.0000
v -0.7353 5.7020 -0.0000
v -4.0935 6.2738 -0.0000
v -3.9135 6.6738 -0.0000
v -3.7335 6.2738 -0.0000
v -4.0035 6.6738 -0.0000
v -3.9160 6.3038 -0.0000
v -3.7876 6.3941 -0.0000
v -2.8502 6.6738 -0.0000
v -2.8222 6.5738 -0.0000
v -3.1302 6.6738 -0.0000
v -2.9902 6.8138 -0.0000
v -2.9902 6.4138 -0.0000
v -3.1582 6.5738 -0.0000
v -2.9602 6.2738 -0.0000
v -3.5458 6.6738 -0.0000
v -3.5458 6.2738 -0.0000
v -3.3910 6.5154 -0.0000
v -3.5451 6.4838 -0.0000
v -3.3270 6.6738 -0.0000
v -3.3030 6.6258 -0.0000
v -3.2734 6.2738 -0.0000
v -4.0779 5.2363 -0.0000
v -4.0779 4.8763 -0.0000
v -3.9379 4.8763 -0.0000
v -3.9713 5.0963 -0.0000
v -4.0779 5.1429 -0.0000
v -3.9046 4.9429 -0.0000
v -3.7758 5.1019 -0.0000
v -3.7014 5.1496 -0.0000
v -3.7651 4.9385 -0.0000
v -3.8075 5.0240 -0.0000
v -3.6092 4.9239 -0.0000
v -3.6836 4.8763 -0.0000
v -3.6199 5.0873 -0.0000
v -3.6742 5.0240 -0.0000
v -3.4516 5.1429 -0.0000
v -3.4516 4.8763 -0.0000
v -3.2527 5.1429 -0.0000
v -3.2527 4.8763 -0.0000
v -3.4516 4.9429 -0.0000
v -3.3607 5.1019 -0.0000
v -3.1077 5.1429 -0.0000
v -3.1077 4.8763 -0.0000
v -3.1277 4.7563 -0.0000
v -3.1077 5.2363 -0.0000
v -3.1077 5.2096 -0.0000
v -2.9829 4.8763 -0.0000
v -2.8629 5.1429 -0.0000
v -2.7429 4.8763 -0.0000
v -2.9229 5.1429 -0.0000
v -2.8646 4.8963 -0.0000
v -2.7790 4.9565 -0.0000
v -2.6306 5.1429 -0.0000
v -2.6306 4.8763 -0.0000
v -2.4914 5.1429 -0.0000
v -2.4914 4.8763 -0.0000
v -2.6306 4.9429 -0.0000
v -2.5671 5.1019 -0.0000
v -2.3522 5.1429 -0.0000
v -2.3522 4.8763 -0.0000
v -2.4914 4.9429 -0.0000
v -2.4278 5.1019 -0.0000
v -2.1901 5.1429 -0.0000
v -2.1901 4.8763 -0.0000
v -2.1901 5.2363 -0.0000
v -2.1901 5.2096 -0.0000
v -2.0930 5.1429 -0.0000
v -2.0930 4.8763 -0.0000
v -1.8941 5.1429 -0.0000
v -1.8941 4.8763 -0.0000
v -2.0930 4.9429 -0.0000
v -2.0021 5.1019 -0.0000
v -1.3338 4.7563 -0.0000
v -1.3338 5.1429 -0.0000
v -1.1938 5.1429 -0.0000
v -1.2271 4.9229 -0.0000
v -1.3338 4.8763 -0.0000
v -1.1604 5.0763 -0.0000
v -1.1260 4.8763 -0.0000
v -1.0060 5.1429 -0.0000
v -0.8860 4.8763 -0.0000
v -1.0660 5.1429 -0.0000
v -1.0077 4.8963 -0.0000
v -0.9221 4.9565 -0.0000
v -0.7880 5.1429 -0.0000
v -0.7880 4.8763 -0.0000
v -0.6848 5.0373 -0.0000
v -0.7875 5.0163 -0.0000
v -0.6421 5.1429 -0.0000
v -0.6261 5.1109 -0.0000
v -0.6064 4.8763 -0.0000
v -0.4670 5.1019 -0.0000
v -0.3926 5.1496 -0.0000
v -0.3003 4.9239 -0.0000
v -0.3747 4.8763 -0.0000
v -0.4563 4.9385 -0.0000
v -0.3111 5.0873 -0.0000
v -0.1935 5.1019 -0.0000
v -0.1191 5.1496 -0.0000
v -0.1828 4.9385 -0.0000
v -0.2252 5.0240 -0.0000
v -0.0268 4.9239 -0.0000
v -0.1012 4.8763 -0.0000
v -0.0376 5.0873 -0.0000
v 0.0049 5.0018 -0.0000
v 0.1557 5.1429 -0.0000
v 0.1557 4.8763 -0.0000
v 0.3545 5.1429 -0.0000
v 0.3545 4.8763 -0.0000
v 0.1557 4.9429 -0.0000
v 0.2465 5.1019 -0.0000
v 0.4823 5.1019 -0.0000
v 0.5567 5.1496 -0.0000
v 0.6489 4.9239 -0.0000
v 0.5745 4.8763 -0.0000
v 0.4930 4.9385 -0.0000
v 0.6382 5.0873 -0.0000
v 1.7523 2.5876 -0.0000
v 1.8267 2.6353 -0.0000
v 1.9190 2.4096 -0.0000
v 1.8446 2.3620 -0.0000
v 1.7631 2.4242 -0.0000
v 1.9082 2.5730 -0.0000
v 1.3993 2.5876 -0.0000
v 1.4737 2.6353 -0.0000
v 1.4100 2.4242 -0.0000
v 1.3676 2.5097 -0.0000
v 1.5659 2.4096 -0.0000
v 1.4915 2.3620 -0.0000
v 1.5552 2.5730 -0.0000
v 1.2833 2.6286 -0.0000
v 1.2833 2.3620 -0.0000
v 1.2833 2.7220 -0.0000
v 1.2833 2.6953 -0.0000
v 0.8930 2.6286 -0.0000
v 0.8930 2.3620 -0.0000
v 1.0919 2.6286 -0.0000
v 1.0919 2.3620 -0.0000
v 0.8930 2.4286 -0.0000
v 0.9838 2.5876 -0.0000
v 0.4543 2.3620 -0.0000
v 0.5743 2.6286 -0.0000
v 0.6943 2.3620 -0.0000
v 0.5143 2.6286 -0.0000
v 0.5726 2.3820 -0.0000
v 0.6582 2.4422 -0.0000
v 0.0581 2.7220 -0.0000
v 0.0581 2.3620 -0.0000
v 0.2570 2.6286 -0.0000
v 0.2570 2.3620 -0.0000
v 0.0581 2.4286 -0.0000
v 0.1489 2.5876 -0.0000
v -0.2746 2.5876 -0.0000
v -0.2002 2.6353 -0.0000
v -0.2639 2.4242 -0.0000
v -0.3064 2.5097 -0.0000
v -0.1080 2.4096 -0.0000
v -0.1824 2.3620 -0.0000
v -0.1187 2.5730 -0.0000
v -0.5928 2.5876 -0.0000
v -0.5184 2.6353 -0.0000
v -0.5821 2.4242 -0.0000
v -0.6246 2.5097 -0.0000
v -0.4262 2.4096 -0.0000
v -0.5006 2.3620 -0.0000
v -0.4369 2.5730 -0.0000
v -0.4912 2.5097 -0.0000
v -1.1061 2.6286 -0.0000
v -1.1061 2.3620 -0.0000
v -0.9668 2.6286 -0.0000
v -0.9668 2.3620 -0.0000
v -1.1061 2.4286 -0.0000
v -1.0425 2.5876 -0.0000
v -0.8276 2.6286 -0.0000
v -0.8276 2.3620 -0.0000
v -0.9668 2.4286 -0.0000
v -0.9033 2.5876 -0.0000
v -1.6389 2.6286 -0.0000
v -1.7170 2.4196 -0.0000
v -1.8588 2.6286 -0.0000
v -1.8208 2.2420 -0.0000
v -1.8902 2.6286 -0.0000
v -2.2286 2.3620 -0.0000
v -2.1086 2.6286 -0.0000
v -1.9886 2.3620 -0.0000
v -2.1686 2.6286 -0.0000
v -2.1103 2.3820 -0.0000
v -2.0247 2.4422 -0.0000
v -2.2719 2.3620 -0.0000
v -2.2919 2.4553 -0.0000
v -2.2919 2.7220 -0.0000
v -2.6416 2.2420 -0.0000
v -2.6416 2.6286 -0.0000
v -2.5016 2.6286 -0.0000
v -2.5349 2.4086 -0.0000
v -2.6416 2.3620 -0.0000
v -2.4683 2.5620 -0.0000
v -0.5755 2.0215 0.0000
v -0.5569 1.9548 0.0000
v -0.7622 2.0215 0.0000
v -0.6689 2.1148 0.0000
v -0.6689 1.8481 0.0000
v -0.7809 1.9548 0.0000
v -0.6489 1.7548 0.0000
v -1.0510 2.0215 -0.0000
v -1.0510 1.7548 -0.0000
v -0.8521 2.0215 -0.0000
v -0.8521 1.7548 -0.0000
v -1.0510 1.8215 -0.0000
v -0.9601 1.9804 -0.0000
v -1.3904 1.7548 -0.0000
v -1.2704 2.0215 -0.0000
v -1.1504 1.7548 -0.0000
v -1.3304 2.0215 -0.0000
v -1.2721 1.7748 -0.0000
v -1.1865 1.8350 -0.0000
v -1.6261 2.0215 -0.0000
v -1.6261 1.7548 -0.0000
v -1.5230 1.9159 -0.0000
v -1.6257 1.8948 -0.0000
v -1.4803 2.0215 -0.0000
v -1.4643 1.9895 -0.0000
v -1.4445 1.7548 -0.0000
v -1.7157 1.9834 0.0000
v -1.6903 1.9210 0.0000
v -1.7752 2.0215 0.0000
v -1.7243 1.8527 0.0000
v -1.8404 1.9717 0.0000
v -1.8744 1.9033 0.0000
v -1.8008 1.7928 0.0000
v -1.7243 1.6846 0.0000
v -1.6903 1.7530 0.0000
v -1.8490 1.6729 0.0000
v -1.7895 1.6348 0.0000
v -1.8744 1.7352 0.0000
v -2.2754 2.0215 0.0000
v -2.2568 1.9548 0.0000
v -2.4621 2.0215 0.0000
v -2.3688 2.1148 0.0000
v -2.3688 1.8481 0.0000
v -2.4808 1.9548 0.0000
v -2.3488 1.7548 0.0000
v -2.7390 2.0215 -0.0000
v -2.7390 1.7548 -0.0000
v -2.6359 1.9159 -0.0000
v -2.7386 1.8948 -0.0000
v -2.5932 2.0215 -0.0000
v -2.5772 1.9895 -0.0000
v -2.5574 1.7548 -0.0000
v -3.0561 1.7548 -0.0000
v -2.9361 2.0215 -0.0000
v -2.8161 1.7548 -0.0000
v -2.9961 2.0215 -0.0000
v -2.9377 1.7748 -0.0000
v -2.8522 1.8350 -0.0000
v -3.0946 1.9548 -0.0000
v -3.1582 1.7959 -0.0000
v -3.2339 1.7548 -0.0000
v -3.2339 2.0215 -0.0000
v -3.0946 2.0215 -0.0000
v -3.3731 1.7548 -0.0000
v -3.3731 2.0215 -0.0000
v -3.2339 1.9548 -0.0000
v -3.2974 1.7959 -0.0000
v -3.5967 1.9804 -0.0000
v -3.5223 2.0281 -0.0000
v -3.5860 1.8171 -0.0000
v -3.6285 1.9025 -0.0000
v -3.4301 1.8025 -0.0000
v -3.5045 1.7548 -0.0000
v -3.4408 1.9658 -0.0000
v -3.4951 1.9025 -0.0000
v -3.6759 2.0215 0.0000
v -3.6572 1.9548 0.0000
v -3.8626 2.0215 0.0000
v -3.7692 2.1148 0.0000
v -3.7692 1.8481 0.0000
v -3.8812 1.9548 0.0000
v -3.7492 1.7548 0.0000
v -4.0697 1.9804 -0.0000
v -3.9953 2.0281 -0.0000
v -3.9030 1.8025 -0.0000
v -3.9775 1.7548 -0.0000
v -4.0590 1.8171 -0.0000
v -3.9138 1.9658 -0.0000
v 6.4606 2.0215 -0.0000
v 6.4606 1.7548 -0.0000
v 6.6595 2.0215 -0.0000
v 6.6595 1.7548 -0.0000
v 6.4606 1.8215 -0.0000
v 6.5515 1.9804 -0.0000
v 6.3339 2.0215 -0.0000
v 6.3339 1.7548 -0.0000
v 6.3339 2.1148 -0.0000
v 6.3339 2.0881 -0.0000
v 5.9975 2.1148 -0.0000
v 5.9975 1.7548 -0.0000
v 6.1786 1.7548 -0.0000
v 5.9975 1.8948 -0.0000
v 6.1566 2.0215 -0.0000
v 6.1786 1.9815 -0.0000
v 5.8671 2.0215 0.0000
v 5.8858 1.9548 0.0000
v 5.6804 2.0215 0.0000
v 5.7738 2.1148 0.0000
v 5.7738 1.8481 0.0000
v 5.6618 1.9548 0.0000
v 5.7938 1.7548 0.0000
v 5.4282 1.9804 -0.0000
v 5.5026 2.0281 -0.0000
v 5.4389 1.8171 -0.0000
v 5.3965 1.9025 -0.0000
v 5.5949 1.8025 -0.0000
v 5.5205 1.7548 -0.0000
v 5.5841 1.9658 -0.0000
v 5.6266 1.8804 -0.0000
v 5.2886 1.7548 -0.0000
v 5.2686 1.8481 -0.0000
v 5.2686 2.1148 -0.0000
v 4.9951 1.6348 -0.0000
v 4.9951 2.0215 -0.0000
v 5.1351 2.0215 -0.0000
v 5.1018 1.8015 -0.0000
v 4.9951 1.7548 -0.0000
v 5.1684 1.9548 -0.0000
v 4.3856 2.0215 -0.0000
v 4.3856 1.7548 -0.0000
v 4.5845 2.0215 -0.0000
v 4.5845 1.7548 -0.0000
v 4.3856 1.8215 -0.0000
v 4.4765 1.9804 -0.0000
v 4.1043 1.9804 -0.0000
v 4.1787 2.0281 -0.0000
v 4.1150 1.8171 -0.0000
v 4.0726 1.9025 -0.0000
v 4.2709 1.8025 -0.0000
v 4.1965 1.7548 -0.0000
v 4.2602 1.9658 -0.0000
v 4.3027 1.8804 -0.0000
v 3.9869 2.0215 0.0000
v 4.0055 1.9548 0.0000
v 3.8002 2.0215 0.0000
v 3.8935 2.1148 0.0000
v 3.8935 1.8481 0.0000
v 3.7815 1.9548 0.0000
v 3.9135 1.7548 0.0000
v 3.7364 1.7548 -0.0000
v 3.7164 1.8481 -0.0000
v 3.7164 2.1148 -0.0000
v 3.5892 2.0215 -0.0000
v 3.5892 1.7548 -0.0000
v 3.5892 2.1148 -0.0000
v 3.5892 2.0881 -0.0000
v 3.2115 2.0215 -0.0000
v 3.2115 1.7548 -0.0000
v 3.3507 2.0215 -0.0000
v 3.3507 1.7548 -0.0000
v 3.2115 1.8215 -0.0000
v 3.2751 1.9804 -0.0000
v 3.4899 2.0215 -0.0000
v 3.4899 1.7548 -0.0000
v 3.3507 1.8215 -0.0000
v 3.4143 1.9804 -0.0000
v 0.3717 3.5135 0.0000
v 0.4098 3.4201 0.0000
v 0.2824 3.5707 0.0000
v 0.3588 3.3175 0.0000
v 0.1846 3.4960 0.0000
v 0.1336 3.3935 0.0000
v 0.2440 3.2277 0.0000
v 0.3588 3.0654 0.0000
v 0.4098 3.1680 0.0000
v 0.1717 3.0479 0.0000
v 0.2610 2.9907 0.0000
v 0.1336 3.1414 0.0000
v -0.3009 3.5707 -0.0000
v -0.3009 3.1707 -0.0000
v -0.0026 3.5707 -0.0000
v -0.0026 3.1707 -0.0000
v -0.3009 3.2707 -0.0000
v -0.1647 3.5091 -0.0000
v -0.4235 3.5707 -0.0000
v -0.4235 3.1707 -0.0000
v -0.4235 3.7107 -0.0000
v -0.4235 3.6707 -0.0000
v -0.9877 3.5707 -0.0000
v -0.9877 3.1707 -0.0000
v -0.7789 3.5707 -0.0000
v -0.7789 3.1707 -0.0000
v -0.9877 3.2707 -0.0000
v -0.8923 3.5091 -0.0000
v -0.5701 3.5707 -0.0000
v -0.5701 3.1707 -0.0000
v -0.7789 3.2707 -0.0000
v -0.6835 3.5091 -0.0000
v -1.5303 3.5707 -0.0000
v -1.5303 3.1707 -0.0000
v -1.3215 3.5707 -0.0000
v -1.3215 3.1707 -0.0000
v -1.5303 3.2707 -0.0000
v -1.4350 3.5091 -0.0000
v -1.1127 3.5707 -0.0000
v -1.1127 3.1707 -0.0000
v -1.3215 3.2707 -0.0000
v -1.2261 3.5091 -0.0000
v -2.0095 3.1707 -0.0000
v -1.8295 3.5707 -0.0000
v -1.6495 3.1707 -0.0000
v -1.9195 3.5707 -0.0000
v -1.8320 3.2007 -0.0000
v -1.7036 3.2910 -0.0000
v -2.3261 3.5707 -0.0000
v -2.3261 3.1707 -0.0000
v -2.1713 3.4123 -0.0000
v -2.3254 3.3807 -0.0000
v -2.1073 3.5707 -0.0000
v -2.0833 3.5227 -0.0000
v -2.0537 3.1707 -0.0000
v -2.5519 3.5135 0.0000
v -2.5138 3.4201 0.0000
v -2.6412 3.5707 0.0000
v -2.5647 3.3175 0.0000
v -2.7390 3.4960 0.0000
v -2.7899 3.3935 0.0000
v -2.6795 3.2277 0.0000
v -2.5647 3.0654 0.0000
v -2.5138 3.1680 0.0000
v -2.7518 3.0479 0.0000
v -2.6626 2.9907 0.0000
v -2.7899 3.1414 0.0000
v -3.2652 3.5091 -0.0000
v -3.1536 3.5806 -0.0000
v -3.2491 3.2641 -0.0000
v -3.3128 3.3923 -0.0000
v -3.0152 3.2422 -0.0000
v -3.1268 3.1707 -0.0000
v -3.0313 3.4873 -0.0000
v -2.9676 3.3591 -0.0000
v -3.6870 3.5707 -0.0000
v -3.6870 3.1707 -0.0000
v -3.5322 3.4123 -0.0000
v -3.6863 3.3807 -0.0000
v -3.4682 3.5707 -0.0000
v -3.4442 3.5227 -0.0000
v -3.4146 3.1707 -0.0000
v -4.0896 2.9907 -0.0000
v -4.0896 3.5707 -0.0000
v -3.8796 3.5707 -0.0000
v -3.9296 3.2407 -0.0000
v -4.0896 3.1707 -0.0000
v -3.8296 3.4707 -0.0000
v 4.7834 2.5876 -0.0000
v 4.8578 2.6353 -0.0000
v 4.7941 2.4242 -0.0000
v 4.7516 2.5097 -0.0000
v 4.9500 2.4096 -0.0000
v 4.8756 2.3620 -0.0000
v 4.9393 2.5730 -0.0000
v 4.8850 2.5097 -0.0000
v 5.1046 2.6286 -0.0000
v 5.1046 2.3620 -0.0000
v 5.3035 2.6286 -0.0000
v 5.3035 2.3620 -0.0000
v 5.1046 2.4286 -0.0000
v 5.1955 2.5876 -0.0000
v 5.6386 2.5905 0.0000
v 5.6639 2.5282 0.0000
v 5.5790 2.6286 0.0000
v 5.6300 2.4598 0.0000
v 5.5138 2.5788 0.0000
v 5.4799 2.5105 0.0000
v 5.5534 2.4000 0.0000
v 5.6300 2.2918 0.0000
v 5.6639 2.3601 0.0000
v 5.5052 2.2801 0.0000
v 5.5648 2.2419 0.0000
v 5.4799 2.3424 0.0000
v 5.8121 2.6286 -0.0000
v 5.8121 2.3620 -0.0000
v 5.8121 2.7220 -0.0000
v 5.8121 2.6953 -0.0000
v 5.9093 2.6286 -0.0000
v 5.9093 2.3620 -0.0000
v 6.1081 2.6286 -0.0000
v 6.1081 2.3620 -0.0000
v 5.9093 2.4286 -0.0000
v 6.0001 2.5876 -0.0000
v 6.2624 2.5876 -0.0000
v 6.3368 2.6353 -0.0000
v 6.2731 2.4242 -0.0000
v 6.2307 2.5097 -0.0000
v 6.4290 2.4096 -0.0000
v 6.3546 2.3620 -0.0000
v 6.4183 2.5730 -0.0000
v 6.3640 2.5097 -0.0000
v 4.1038 2.5953 0.0000
v 4.0838 2.6286 0.0000
v 4.0684 2.3620 0.0000
v 3.8886 2.6286 0.0000
v 3.8886 2.3620 0.0000
v 3.6439 2.6286 0.0000
v 3.6439 2.3620 0.0000
v 3.6639 2.7220 0.0000
v 3.6239 2.2420 0.0000
v 3.7372 2.6286 0.0000
v 3.7559 2.5620 0.0000
v 3.5506 2.6286 0.0000
v 3.5319 2.5620 0.0000
v 3.7106 2.7486 0.0000
v 3.3781 2.5905 0.0000
v 3.4035 2.5282 0.0000
v 3.3186 2.6286 0.0000
v 3.3695 2.4598 0.0000
v 3.2534 2.5788 0.0000
v 3.2194 2.5105 0.0000
v 3.2930 2.4000 0.0000
v 3.3695 2.2918 0.0000
v 3.4035 2.3601 0.0000
v 3.2448 2.2801 0.0000
v 3.3043 2.2419 0.0000
v 3.2194 2.3424 0.0000
v -2.9776 2.5876 -0.0000
v -2.9032 2.6353 -0.0000
v -2.9669 2.4242 -0.0000
v -3.0094 2.5097 -0.0000
v -2.8110 2.4096 -0.0000
v -2.8854 2.3620 -0.0000
v -2.8217 2.5730 -0.0000
v -2.8760 2.5097 -0.0000
v -3.9048 2.5905 0.0000
v -3.8794 2.5282 0.0000
v -3.9643 2.6286 0.0000
v -3.9133 2.4598 0.0000
v -4.0295 2.5788 0.0000
v -4.0634 2.5105 0.0000
v -3.9899 2.4000 0.0000
v -3.9133 2.2918 0.0000
v -3.8794 2.3601 0.0000
v -4.0381 2.2801 0.0000
v -3.9785 2.2419 0.0000
v -4.0634 2.3424 0.0000
v -3.4589 2.6286 0.0000
v -3.4589 2.3620 0.0000
v -3.3197 2.6286 0.0000
v -3.3197 2.3620 0.0000
v -3.4589 2.4286 0.0000
v -3.3953 2.5876 0.0000
v -3.1804 2.6286 0.0000
v -3.1804 2.3620 0.0000
v -3.3197 2.4286 0.0000
v -3.2561 2.5876 0.0000
v -3.7993 2.3620 0.0000
v -3.6793 2.6286 0.0000
v -3.5593 2.3620 0.0000
v -3.7393 2.6286 0.0000
v -3.6810 2.3820 0.0000
v -3.5954 2.4422 0.0000
v 7.1490 5.7686 -0.0000
v 7.2234 5.8162 -0.0000
v 7.3156 5.5906 -0.0000
v 7.2412 5.5429 -0.0000
v 7.1597 5.6052 -0.0000
v 7.3049 5.7540 -0.0000
v 6.8223 5.8096 -0.0000
v 6.8223 5.5429 -0.0000
v 7.0212 5.8096 -0.0000
v 7.0212 5.5429 -0.0000
v 6.8223 5.6096 -0.0000
v 6.9132 5.7686 -0.0000
v 6.4732 5.7686 -0.0000
v 6.5476 5.8162 -0.0000
v 6.4839 5.6052 -0.0000
v 6.4415 5.6907 -0.0000
v 6.6398 5.5906 -0.0000
v 6.5654 5.5429 -0.0000
v 6.6291 5.7540 -0.0000
v 6.6716 5.6685 -0.0000
v 6.1997 5.7686 -0.0000
v 6.2741 5.8162 -0.0000
v 6.3663 5.5906 -0.0000
v 6.2919 5.5429 -0.0000
v 6.2104 5.6052 -0.0000
v 6.3556 5.7540 -0.0000
v 5.8787 5.8096 -0.0000
v 5.8787 5.5429 -0.0000
v 5.9819 5.7040 -0.0000
v 5.8792 5.6829 -0.0000
v 6.0246 5.8096 -0.0000
v 6.0406 5.7776 -0.0000
v 6.0603 5.5429 -0.0000
v 5.5407 5.5429 -0.0000
v 5.6607 5.8096 -0.0000
v 5.7807 5.5429 -0.0000
v 5.6007 5.8096 -0.0000
v 5.6590 5.5629 -0.0000
v 5.7446 5.6231 -0.0000
v 5.3329 5.4229 -0.0000
v 5.3329 5.8096 -0.0000
v 5.4729 5.8096 -0.0000
v 5.4396 5.5896 -0.0000
v 5.3329 5.5429 -0.0000
v 5.5062 5.7429 -0.0000
v 4.5737 5.8096 -0.0000
v 4.5737 5.5429 -0.0000
v 4.7726 5.8096 -0.0000
v 4.7726 5.5429 -0.0000
v 4.5737 5.6096 -0.0000
v 4.6645 5.7686 -0.0000
v 4.4765 5.8096 -0.0000
v 4.4765 5.5429 -0.0000
v 4.4765 5.9029 -0.0000
v 4.4765 5.8763 -0.0000
v 4.0360 5.8096 -0.0000
v 4.0360 5.5429 -0.0000
v 4.1752 5.8096 -0.0000
v 4.1752 5.5429 -0.0000
v 4.0360 5.6096 -0.0000
v 4.0996 5.7686 -0.0000
v 4.3144 5.8096 -0.0000
v 4.3144 5.5429 -0.0000
v 4.1752 5.6096 -0.0000
v 4.2388 5.7686 -0.0000
v 3.6838 5.5429 -0.0000
v 3.8038 5.8096 -0.0000
v 3.9238 5.5429 -0.0000
v 3.7438 5.8096 -0.0000
v 3.8021 5.5629 -0.0000
v 3.8877 5.6231 -0.0000
v 3.5590 5.8096 -0.0000
v 3.5590 5.5429 -0.0000
v 3.5390 5.4229 -0.0000
v 3.5590 5.9029 -0.0000
v 3.5590 5.8763 -0.0000
v 3.2151 5.8096 -0.0000
v 3.2151 5.5429 -0.0000
v 3.4140 5.8096 -0.0000
v 3.4140 5.5429 -0.0000
v 3.2151 5.6096 -0.0000
v 3.3059 5.7686 -0.0000
v 2.8909 5.7686 -0.0000
v 2.9653 5.8162 -0.0000
v 2.9016 5.6052 -0.0000
v 2.8591 5.6907 -0.0000
v 3.0575 5.5906 -0.0000
v 2.9831 5.5429 -0.0000
v 3.0468 5.7540 -0.0000
v 2.9925 5.6907 -0.0000
v 2.5887 5.9029 -0.0000
v 2.5887 5.5429 -0.0000
v 2.7287 5.5429 -0.0000
v 2.6954 5.7629 -0.0000
v 2.5887 5.8096 -0.0000
v 2.7621 5.6096 -0.0000
v 4.6671 6.8761 -0.0000
v 4.6671 6.3361 -0.0000
v 4.4571 6.3361 -0.0000
v 4.5071 6.6661 -0.0000
v 4.6671 6.7361 -0.0000
v 4.4071 6.4361 -0.0000
v 3.9475 6.7361 -0.0000
v 3.9475 6.3361 -0.0000
v 4.2459 6.7361 -0.0000
v 4.2459 6.3361 -0.0000
v 3.9475 6.4361 -0.0000
v 4.0838 6.6745 -0.0000
v 3.7800 6.3148 -0.0000
v 3.7800 6.7148 -0.0000
v 3.4817 6.3148 -0.0000
v 3.4817 6.7148 -0.0000
v 3.7800 6.6148 -0.0000
v 3.6438 6.3764 -0.0000
v 3.0392 6.6745 -0.0000
v 3.1508 6.7460 -0.0000
v 3.0553 6.4295 -0.0000
v 2.9916 6.5577 -0.0000
v 3.2891 6.4076 -0.0000
v 3.1775 6.3361 -0.0000
v 3.2731 6.6526 -0.0000
v 3.3368 6.5245 -0.0000
v 2.6335 6.6745 -0.0000
v 2.7451 6.7460 -0.0000
v 2.8835 6.4076 -0.0000
v 2.7719 6.3361 -0.0000
v 2.6496 6.4295 -0.0000
v 2.8674 6.6526 -0.0000
v -1.0807 8.4257 -0.0000
v -0.9319 8.5210 -0.0000
v -0.7474 8.0698 -0.0000
v -0.8962 7.9744 -0.0000
v -1.0592 8.0990 -0.0000
v -0.7688 8.3965 -0.0000
v -1.3171 8.5078 -0.0000
v -1.2798 8.3744 -0.0000
v -1.6904 8.5078 -0.0000
v -1.5038 8.6944 -0.0000
v -1.5038 8.1611 -0.0000
v -1.7278 8.3744 -0.0000
v -1.4638 7.9744 -0.0000
v -1.9823 8.5078 -0.0000
v -1.9823 7.9744 -0.0000
v -1.9823 8.6944 -0.0000
v -1.9823 8.6411 -0.0000
v -2.2435 8.6944 -0.0000
v -2.2435 7.9744 -0.0000
v -2.5235 7.9744 -0.0000
v -2.4569 8.4144 -0.0000
v -2.2435 8.5078 -0.0000
v -2.5902 8.1078 -0.0000
v -3.0520 8.4257 -0.0000
v -2.9032 8.5210 -0.0000
v -3.0305 8.0990 -0.0000
v -3.1155 8.2699 -0.0000
v -2.7187 8.0698 -0.0000
v -2.8675 7.9744 -0.0000
v -2.7402 8.3965 -0.0000
v -2.8488 8.2699 -0.0000
v -3.5861 8.5078 -0.0000
v -3.5861 7.9744 -0.0000
v -3.3798 8.2966 -0.0000
v -3.5852 8.2544 -0.0000
v -3.2944 8.5078 -0.0000
v -3.2624 8.4438 -0.0000
v -3.2230 7.9744 -0.0000
v -4.0646 8.4257 -0.0000
v -3.9158 8.5210 -0.0000
v -4.0431 8.0990 -0.0000
v -4.1280 8.2699 -0.0000
v -3.7313 8.0698 -0.0000
v -3.8801 7.9744 -0.0000
v -3.7527 8.3965 -0.0000
e 0 1
e 2 5
e 0 2
e 3 4
e 6 4
e 7 8
e 9 10
e 7 9
e 10 11
e 8 12
e 13 14
e 15 18
e 13 15
e 16 17
e 19 17
e 20 23
e 20 21
e 22 23
e 24 25
e 25 22
e 21 26
e 23 27
e 28 29
e 30 31
e 32 28
e 30 29
e 33 34
e 35 36
e 33 36
e 37 38
e 38 39
e 38 40
e 41 42
e 37 41
e 43 44
e 45 46
e 47 48
e 43 47
e 49 46
e 48 45
e 50 51
e 52 55
e 50 52
e 53 54
e 56 54
e 61 62
e 66 67
e 57 58
e 63 62
e 66 68
e 67 64
e 60 68
e 57 59
e 60 58
e 59 61
e 64 65
e 69 70
e 71 72
e 73 74
e 69 73
e 75 72
e 74 71
e 76 77
e 77 78
e 77 79
e 80 81
e 76 80
e 82 83
e 84 85
e 86 87
e 84 87
e 88 89
e 90 93
e 88 90
e 91 92
e 94 92
e 95 96
e 97 98
e 99 100
e 97 100
e 101 104
e 101 102
e 103 104
e 105 106
e 106 103
e 102 107
e 104 108
e 115 116
e 109 110
e 111 112
e 113 114
e 111 114
e 117 118
e 115 118
e 119 122
e 119 120
e 121 122
e 123 124
e 124 121
e 120 125
e 122 126
e 131 132
e 136 137
e 127 128
e 133 132
e 136 138
e 137 134
e 130 138
e 127 129
e 130 128
e 129 131
e 134 135
e 139 140
e 140 141
e 140 142
e 143 144
e 139 143
e 145 146
e 147 148
e 149 150
e 147 150
e 151 152
e 152 153
e 152 154
e 155 156
e 151 155
e 163 164
e 157 158
e 159 160
e 161 162
e 159 162
e 165 166
e 163 166
e 173 174
e 167 168
e 169 170
e 171 172
e 169 172
e 175 176
e 173 176
e 177 178
e 179 180
e 181 182
e 182 183
e 184 185
e 186 189
e 184 186
e 187 188
e 190 188
e 191 194
e 197 198
e 195 198
e 191 192
e 193 194
e 195 196
e 196 193
e 192 197
e 199 200
e 201 202
e 203 204
e 201 204
e 205 206
e 206 207
e 210 208
e 207 210
e 208 209
e 211 212
e 212 213
e 214 217
e 220 221
e 218 221
e 214 215
e 216 217
e 218 219
e 219 216
e 215 220
e 222 223
e 224 227
e 222 224
e 225 226
e 228 226
e 229 230
e 231 232
e 233 234
e 232 233
e 235 236
e 237 238
e 239 240
e 241 242
e 243 244
e 241 244
e 245 246
e 246 247
e 246 248
e 249 250
e 245 249
e 251 252
e 253 256
e 251 253
e 254 255
e 257 255
e 258 259
e 260 261
e 262 263
e 258 262
e 264 261
e 263 260
e 265 266
e 266 267
e 270 268
e 267 270
e 268 269
e 271 274
e 271 272
e 273 274
e 275 276
e 276 273
e 272 277
e 274 278
e 279 280
e 281 282
e 283 284
e 281 284
e 285 286
e 286 287
e 288 289
e 290 291
e 291 292
e 291 293
e 294 295
e 290 294
e 302 303
e 296 297
e 298 299
e 300 301
e 298 301
e 304 305
e 302 305
e 306 307
e 308 309
e 310 311
e 312 313
e 314 315
e 312 315
e 316 317
e 317 318
e 321 319
e 318 321
e 319 320
e 322 323
e 323 324
e 323 325
e 326 327
e 322 326
e 328 329
e 330 331
e 332 333
e 328 332
e 334 331
e 333 330
e 335 336
e 337 338
e 335 337
e 338 339
e 336 340
e 341 344
e 347 348
e 345 348
e 341 342
e 343 344
e 345 346
e 346 343
e 342 347
e 349 350
e 351 352
e 353 354
e 351 354
e 355 356
e 357 358
e 355 357
e 358 359
e 356 360
e 361 362
e 363 364
e 361 363
e 364 365
e 362 366
e 367 370
e 367 368
e 369 370
e 371 372
e 372 369
e 368 373
e 374 375
e 376 377
e 378 379
e 380 381
e 382 383
e 380 383
e 384 385
e 385 386
e 385 387
e 388 389
e 384 388
e 390 391
e 392 393
e 394 395
e 392 395
e 396 399
e 396 397
e 398 399
e 400 401
e 401 398
e 397 402
e 403 406
e 403 404
e 405 406
e 407 408
e 408 405
e 404 409
e 406 410
e 417 418
e 411 412
e 413 414
e 415 416
e 413 416
e 419 420
e 417 420
e 421 422
e 422 423
e 422 424
e 423 425
e 426 427
e 427 428
e 427 429
e 430 431
e 426 430
e 432 433
e 433 434
e 435 436
e 436 437
e 440 438
e 437 440
e 438 439
e 441 442
e 443 446
e 441 443
e 444 445
e 447 445
e 448 449
e 450 451
e 452 453
e 450 453
e 454 455
e 455 456
e 455 457
e 458 459
e 454 458
e 460 461
e 462 463
e 464 465
e 460 464
e 466 463
e 465 462
e 471 472
e 476 477
e 467 468
e 473 472
e 476 478
e 477 474
e 470 478
e 467 469
e 470 468
e 469 471
e 474 475
e 479 480
e 481 484
e 479 481
e 482 483
e 485 483
e 486 487
e 488 489
e 490 491
e 486 490
e 492 489
e 491 488
e 493 494
e 494 495
e 494 496
e 497 498
e 493 497
e 499 500
e 501 502
e 503 499
e 501 500
e 504 505
e 506 507
e 504 507
e 508 511
e 508 509
e 510 511
e 512 513
e 513 510
e 509 514
e 511 515
e 516 517
e 518 521
e 516 518
e 519 520
e 522 520
e 523 524
e 525 526
e 523 525
e 526 527
e 524 528
e 529 530
e 531 532
e 533 534
e 531 534
e 535 536
e 537 538
e 539 540
e 541 542
e 543 544
e 542 543
e 545 546
e 547 550
e 545 547
e 548 549
e 551 549
e 552 555
e 558 559
e 556 559
e 552 553
e 554 555
e 556 557
e 557 554
e 553 558
e 560 561
e 561 562
e 563 564
e 564 565
e 568 566
e 565 568
e 566 567
e 569 570
e 571 572
e 573 574
e 571 574
e 575 578
e 581 582
e 579 582
e 575 576
e 577 578
e 579 580
e 580 577
e 576 581
e 583 584
e 585 588
e 583 585
e 586 587
e 589 587
e 590 591
e 591 592
e 593 594
e 595 596
e 603 604
e 597 598
e 599 600
e 601 602
e 599 602
e 605 606
e 603 606
e 611 612
e 616 617
e 607 608
e 613 612
e 616 618
e 617 614
e 610 618
e 607 609
e 610 608
e 609 611
e 614 615
e 619 620
e 621 622
e 623 624
e 621 624
e 625 626
e 627 628
e 635 636
e 629 630
e 631 632
e 633 634
e 631 634
e 637 638
e 635 638
e 645 646
e 639 640
e 641 642
e 643 644
e 641 644
e 647 648
e 645 648
e 649 650
e 650 651
e 650 652
e 653 654
e 649 653
e 655 656
e 657 658
e 659 660
e 655 659
e 661 658
e 660 657
e 666 667
e 671 672
e 662 663
e 668 667
e 671 673
e 672 669
e 665 673
e 662 664
e 665 663
e 664 666
e 669 670
e 674 677
e 680 681
e 678 681
e 674 675
e 676 677
e 678 679
e 679 676
e 675 680
e 682 683
e 684 685
e 686 687
e 682 686
e 688 685
e 687 684
e 689 690
e 690 691
e 694 692
e 691 694
e 692 693
e 695 698
e 695 696
e 697 698
e 699 700
e 700 697
e 696 701
e 698 702
e 703 704
e 705 706
e 707 708
e 705 708
e 713 714
e 718 719
e 709 710
e 715 714
e 718 720
e 719 716
e 712 720
e 709 711
e 712 710
e 711 713
e 716 717
e 721 722
e 723 724
e 725 726
e 727 728
e 729 730
e 727 730
e 731 734
e 731 732
e 733 734
e 735 736
e 736 733
e 732 737
e 734 738
e 739 740
e 741 742
e 740 743
e 750 751
e 744 745
e 745 747
e 748 749
e 746 744
e 748 750
e 752 746
e 757 758
e 762 763
e 753 754
e 759 758
e 762 764
e 763 760
e 756 764
e 753 755
e 756 754
e 755 757
e 760 761
e 765 768
e 765 766
e 767 768
e 769 770
e 770 767
e 766 771
e 768 772
e 777 778
e 782 783
e 773 774
e 779 778
e 782 784
e 783 780
e 776 784
e 773 775
e 776 774
e 775 777
e 780 781
e 791 792
e 785 786
e 787 788
e 789 790
e 787 790
e 793 794
e 791 794
e 795 796
e 796 797
e 796 798
e 799 800
e 795 799
e 801 802
e 803 804
e 801 803
e 804 805
e 802 806
e 807 808
e 809 810
e 811 812
e 809 812
e 813 816
e 819 820
e 817 820
e 813 814
e 815 816
e 817 818
e 818 815
e 814 819
e 821 822
e 823 824
e 821 823
e 824 825
e 822 826
e 827 828
e 829 830
e 831 832
e 827 831
e 833 830
e 832 829
e 834 835
e 835 836
e 835 837
e 838 839
e 834 838
e 840 841
e 841 842
e 845 843
e 842 845
e 843 844
e 846 847
e 848 849
e 850 851
e 848 851
e 852 853
e 854 855
e 862 863
e 856 857
e 858 859
e 860 861
e 858 861
e 864 865
e 862 865
e 866 867
e 867 868
e 867 869
e 870 871
e 866 870
e 872 873
e 873 874
e 875 876
e 877 878
e 879 880
e 881 882
e 879 882
e 883 886
e 883 884
e 885 886
e 887 888
e 888 885
e 884 889
e 886 890
e 891 892
e 892 893
e 896 894
e 893 896
e 894 895
e 897 898
e 898 899
e 902 900
e 899 902
e 900 901
e 903 904
e 905 906
e 907 908
e 905 908
e 909 910
e 911 912
e 913 914
e 911 914
e 915 918
e 921 922
e 919 922
e 915 916
e 917 918
e 919 920
e 920 917
e 916 921
e 923 924
e 925 926
e 923 925
e 926 927
e 924 928
e 929 930
e 931 932
e 929 931
e 932 933
e 930 934
e 935 936
e 937 940
e 935 937
e 938 939
e 941 939
e 942 943
e 944 945
e 946 947
e 947 948
e 951 949
e 948 951
e 949 950
e 952 955
e 952 953
e 954 955
e 956 957
e 957 954
e 953 958
e 955 959
e 960 961
e 962 963
e 964 965
e 960 964
e 966 963
e 965 962
e 967 970
e 967 968
e 969 970
e 971 972
e 972 969
e 968 973

