o Cube.013
t 0.0000 0.0000 0.0000
r 1.0000 0.0000 0.0000 0.0000
s 1.0000 1.0000 1.0000
v 0.0000 0.0000 0.0000
v 0.0000 -0.0000 -5.3000
v -0.0000 -0.7000 -5.3000
v 0.6062 0.3500 -5.3000
v -0.6062 0.3500 -5.3000
v -0.0000 -1.0000 -7.3000
v 0.8660 0.5000 -7.3000
v -0.8660 0.5000 -7.3000
v 0.0000 1.6001 -7.9179
v 0.0000 1.6001 -9.7655
v 1.6001 -0.0000 -7.9179
v 1.6001 -0.0000 -9.7655
v 0.0000 -0.0000 -6.9940
v -0.0000 -1.6001 -7.9179
v -0.0000 -1.6001 -9.7655
v -1.6001 0.0000 -7.9179
v -1.6001 0.0000 -9.7655
v 0.0000 -0.0000 -10.6894
v 0.9601 -1.1000 -9.2189
v -0.9601 -1.1000 -9.2189
v 0.0000 -1.8000 -9.4589
v 0.4601 -1.5000 -8.2189
v 0.4601 -1.5000 -8.8189
v -0.4399 -1.5000 -8.2189
v -0.4399 -1.5000 -8.8189
e 0 1
e 3 2
e 4 3
e 2 4
e 6 5
e 7 6
e 5 7
e 4 7
e 5 2
e 3 6
e 8 9
e 10 11
e 9 11
e 8 10
e 12 13
e 13 14
e 11 14
e 10 13
e 15 16
e 14 16
e 13 15
e 12 8
e 9 17
e 12 10
e 11 17
e 14 17
e 12 15
e 16 17
e 16 9
e 15 8
e 20 19
e 18 20
e 21 22
e 23 24
f 4 5 2
f 3 7 4
f 2 6 3
f 17 9 11
f 8 11 9
f 8 12 10
f 17 11 14
f 11 13 14
f 10 12 13
f 17 14 16
f 13 16 14
f 13 12 15
f 17 16 9
f 15 9 16
f 15 12 8
f 4 7 5
f 3 6 7
f 2 5 6
f 8 10 11
f 11 10 13
f 13 15 16
f 15 8 9

