o Cube.004
t 0.0000 0.0000 0.0000
r 1.0000 0.0000 0.0000 0.0000
s 1.0000 1.0000 1.0000
v -0.8485 0.0091 3.2398
v -0.0000 0.6081 3.3681
v -0.6653 0.0197 3.5311
v 0.0000 -0.5900 3.1116
v 0.0000 -0.4061 3.5307
v 0.8485 0.0091 3.2398
v -0.0000 0.0583 4.5889
v -0.9233 0.7330 3.2735
v -0.8553 -0.7170 3.0262
v 0.6659 0.0197 3.5302
v 0.2828 -0.3903 3.1543
v 0.5657 -0.1906 3.1971
v 0.2220 -0.2642 3.5305
v 0.4439 -0.1223 3.5304
v -0.5657 -0.1906 3.1971
v -0.2828 -0.3903 3.1543
v -0.4435 -0.1222 3.5310
v -0.2218 -0.2642 3.5308
v 0.0000 -0.2634 3.9787
v -0.5559 -0.1837 4.0267
v 0.5559 -0.1837 4.0267
v 0.1750 -0.0620 1.3256
v 0.1750 -0.0620 0.1556
v 0.5650 -0.0620 -1.1444
v 4.0301 -0.1601 2.3309
v 3.5078 -0.1333 2.7127
v 0.5650 0.0380 0.0256
v -0.5453 -0.3068 1.3329
v 0.5453 -0.3068 1.3329
v 0.8553 -0.7170 3.0262
v 0.5998 0.3228 1.3668
v -0.5998 0.3228 1.3668
v 0.9233 0.7330 3.2735
v 0.1750 -0.0620 -1.1444
v 0.5650 -0.0620 0.1556
v 0.5650 -0.0620 1.3256
v 0.1750 -0.0620 0.0256
v 0.5650 -0.0620 0.0256
v 0.6859 -1.0380 -1.3444
v 0.0541 -1.0380 -1.3444
v 0.6859 0.3140 -1.3444
v 0.0541 0.3140 -1.3444
v 0.5650 0.0380 1.3256
v 0.1750 0.0380 1.3256
v 0.9350 -0.0620 2.8856
v 0.1750 0.0380 0.1556
v 3.4050 -0.0620 2.4956
v 3.4050 -0.0620 2.8856
v 0.5650 0.0380 0.1556
v 0.9350 -0.0620 2.4956
v 4.1770 -0.1429 3.0796
v -0.1750 -0.0620 1.3256
v -0.1750 -0.0620 0.1556
v -0.5650 -0.0620 -1.1444
v -4.0301 -0.1601 2.3309
v -3.5078 -0.1333 2.7127
v 0.1750 0.0380 0.0256
v -0.1750 -0.0620 -1.1444
v -0.5650 -0.0620 0.1556
v -0.5650 -0.0620 1.3256
v -0.1750 -0.0620 0.0256
v -0.5650 -0.0620 0.0256
v -0.6508 -1.0380 -1.3444
v -0.0892 -1.0380 -1.3444
v -0.6508 0.3140 -1.3444
v -0.0892 0.3140 -1.3444
v 0.1750 0.0380 -1.1444
v 3.5078 -0.0333 2.7127
v -0.9350 -0.0620 2.8856
v 0.5650 0.0380 -1.1444
v -3.4050 -0.0620 2.4956
v -3.4050 -0.0620 2.8856
v 4.0301 -0.0601 2.3309
v -0.9350 -0.0620 2.4956
v -4.1770 -0.1429 3.0796
v 0.9350 0.0380 2.8856
v 3.4050 0.0380 2.4956
v 3.4050 0.0380 2.8856
v 0.9350 0.0380 2.4956
v 4.1770 -0.0429 3.0796
v -0.1750 0.0380 1.3256
v -0.1750 0.0380 0.1556
v -0.5650 0.0380 -1.1444
v -4.0301 -0.0601 2.3309
v -3.5078 -0.0333 2.7127
v -0.1750 0.0380 -1.1444
v -0.5650 0.0380 0.1556
v -0.5650 0.0380 1.3256
v -0.1750 0.0380 0.0256
v -0.5650 0.0380 0.0256
v -0.9350 0.0380 2.8856
v -3.4050 0.0380 2.4956
v -3.4050 0.0380 2.8856
v -0.9350 0.0380 2.4956
v -4.1770 -0.0429 3.0796
v 0.6859 -1.0380 -1.3844
v 0.0541 -1.0380 -1.3844
v 0.6859 0.3140 -1.3844
v 0.0541 0.3140 -1.3844
v -0.6508 -1.0380 -1.3844
v -0.0892 -1.0380 -1.3844
v -0.6508 0.3140 -1.3844
v -0.0892 0.3140 -1.3844
l 1 0
e 8 7
l 5 1
l 9 5
l 11 5
l 13 9
e 6 9
l 15 3
l 0 2
e 2 6
e 6 1
l 4 3
e 6 4
l 17 4
l 3 10
l 10 11
l 4 12
l 12 13
l 13 11
l 12 10
l 0 14
l 14 15
l 2 16
l 16 17
l 17 15
l 16 14
l 18 19
l 18 20
e 21 22
e 90 92
e 24 25
e 29 28
e 28 27
e 27 31
e 31 30
e 28 30
e 30 32
e 35 34
e 37 23
e 36 33
e 36 37
e 33 23
e 22 34
e 21 35
e 39 38
e 41 40
e 40 38
e 67 79
e 93 91
e 44 49
e 43 45
e 77 76
e 47 46
e 72 67
e 75 78
e 73 70
e 25 50
e 68 71
e 50 24
e 51 52
e 49 46
e 54 55
e 59 58
e 61 53
e 60 57
e 60 61
e 57 53
e 52 58
e 51 59
e 63 62
e 65 64
e 63 65
e 64 62
e 56 66
e 43 42
e 68 73
e 45 48
e 26 69
e 71 70
e 42 48
e 66 69
e 44 47
e 55 74
e 56 26
e 74 54
e 39 41
e 29 8
e 7 32
e 29 32
e 27 8
e 7 31
e 79 72
e 80 81
e 78 76
e 83 84
e 87 86
e 89 82
e 88 85
e 88 89
e 85 82
e 81 86
e 80 87
e 90 93
e 92 91
e 75 77
e 84 94
e 94 83
e 96 95
e 98 97
e 97 95
e 100 99
e 102 101
e 100 102
e 101 99
e 96 98
f 2 1 0
f 1 9 5
f 10 4 3
f 14 2 0
f 8 32 7
f 9 11 5
f 13 9 6
f 17 4 6
f 13 10 11
f 4 15 3
f 15 16 14
f 27 29 8
f 30 7 32
f 65 62 63
f 72 67 79
f 37 33 23
f 57 61 53
f 93 92 90
f 24 50 25
f 83 94 84
f 77 78 75
f 59 52 51
f 22 35 21
f 39 40 41
f 66 26 69
f 89 85 82
f 71 73 68
f 54 55 74
f 81 87 80
f 42 45 43
f 49 47 44
f 29 30 32
f 31 8 7
f 99 102 100
f 97 96 98
f 2 6 1
f 1 6 9
f 10 12 4
f 14 16 2
f 8 29 32
f 9 13 11
f 6 4 12
f 12 13 6
f 6 2 16
f 16 17 6
f 13 12 10
f 4 17 15
f 15 17 16
f 27 28 29
f 30 31 7
f 65 64 62
f 37 36 33
f 57 60 61
f 93 91 92
f 77 76 78
f 59 58 52
f 22 34 35
f 39 38 40
f 66 56 26
f 89 88 85
f 71 70 73
f 81 86 87
f 42 48 45
f 49 46 47
f 29 28 30
f 31 27 8
f 99 101 102
f 97 95 96

