o base.001
t 0.0000 0.0000 0.0000
r 1.0000 0.0000 0.0000 0.0000
s 1.0000 1.0000 1.0000
v -0.1000 -0.0500 4.0000
v -0.1000 -0.0500 0.0000
v -1.0000 -0.1000 4.0100
v 1.0000 -0.1000 4.0100
v -1.0000 -0.1000 4.3100
v 1.0000 -0.1000 4.3100
v -1.0000 0.1000 4.0100
v 1.0000 0.1000 4.0100
v -1.0000 0.1000 4.3100
v 1.0000 0.1000 4.3100
v 0.8000 -0.0500 4.3100
v 0.8000 -0.0500 5.1100
v 0.4000 -0.0500 4.3100
v 0.4000 -0.0500 5.1100
v 0.0000 -0.0500 4.3100
v 0.0000 -0.0500 5.1100
v -0.4000 -0.0500 4.3100
v -0.4000 -0.0500 5.1100
v -0.8000 -0.0500 4.3100
v -0.8000 -0.0500 5.1100
v 0.1000 -0.0500 4.0000
v 0.1000 -0.0500 0.0000
v -0.1000 0.0500 4.0000
v -0.1000 0.0500 0.0000
v 0.8000 0.0500 4.3100
v 0.8000 0.0500 5.1100
v 0.4000 0.0500 4.3100
v 0.4000 0.0500 5.1100
v 0.0000 0.0500 4.3100
v 0.0000 0.0500 5.1100
v -0.4000 0.0500 4.3100
v -0.4000 0.0500 5.1100
v -0.8000 0.0500 4.3100
v -0.8000 0.0500 5.1100
v 0.1000 0.0500 4.0000
v 0.1000 0.0500 0.0000
e 1 0
e 2 3
e 4 5
e 3 5
e 4 2
e 6 7
e 8 9
e 7 9
e 8 6
l 10 11
l 12 13
l 14 15
l 16 17
l 18 19
l 17 19
l 15 17
l 13 15
l 11 13
e 21 20
e 10 12
e 12 14
e 14 16
e 16 18
e 1 21
e 0 20
e 23 22
l 24 25
l 26 27
l 28 29
l 30 31
l 32 33
l 31 33
l 29 31
l 27 29
l 25 27
e 35 34
e 24 26
e 26 28
e 28 30
e 30 32
e 23 35
e 22 34
f 3 4 2
f 8 7 6
f 13 10 11
f 15 12 13
f 17 14 15
f 19 16 17
f 1 20 0
f 24 27 25
f 26 29 27
f 28 31 29
f 30 33 31
f 34 23 22
f 3 5 4
f 8 9 7
f 13 12 10
f 15 14 12
f 17 16 14
f 19 18 16
f 1 21 20
f 24 26 27
f 26 28 29
f 28 30 31
f 30 32 33
f 34 35 23

