o Plane
t 0.0000 0.0000 0.0000
r 1.0000 0.0000 0.0000 0.0000
s 1.0000 1.0000 1.0000
v 0.0000 1.0000 0.4000
v -0.8660 0.5000 0.4000
v -0.8660 -0.5000 0.4000
v 0.0000 -1.0000 0.4000
v 0.8660 -0.5000 0.4000
v 0.8660 0.5000 0.4000
v -0.3464 0.2000 0.9896
v 0.0000 -0.4000 0.9896
v 0.3464 0.2000 0.9896
v 0.0000 0.0000 0.8000
v -0.3464 0.2000 0.7896
v 0.0000 -0.4000 0.7896
v 0.3464 0.2000 0.7896
v 0.0000 1.0000 0.0000
v -0.8660 0.5000 0.0000
v -0.8660 -0.5000 0.0000
v 0.0000 -1.0000 0.0000
v 0.8660 -0.5000 0.0000
v 0.8660 0.5000 0.0000
e 1 0
e 2 1
e 3 2
e 4 3
e 5 4
e 0 5
e 7 6
e 6 8
e 8 7
e 9 1
e 0 9
e 5 9
e 3 9
e 9 4
e 9 2
e 11 10
e 10 12
e 12 11
e 8 12
e 11 7
e 6 10
e 14 13
e 15 14
e 16 15
e 17 16
e 18 17
e 13 18
e 0 13
e 14 1
e 5 18
e 3 16
e 17 4
e 15 2
f 7 8 6
f 1 9 0
f 0 9 5
f 4 9 3
f 2 9 1
f 5 9 4
f 3 9 2
f 11 8 7
f 12 6 8
f 10 7 6
f 0 14 1
f 5 13 0
f 3 17 4
f 1 15 2
f 4 18 5
f 2 16 3
f 11 12 8
f 12 10 6
f 10 11 7
f 0 13 14
f 5 18 13
f 3 16 17
f 1 14 15
f 4 17 18
f 2 15 16

