o head.001
t 0.0000 0.0000 0.0000
r 1.0000 0.0000 0.0000 0.0000
s 1.0000 1.0000 1.0000
v 0.0085 0.0000 0.0000
v 0.0000 -0.0060 0.0013
v 0.0067 -0.0001 0.0029
v -0.0000 0.0060 -0.0013
v -0.0000 0.0042 0.0029
v -0.0085 -0.0000 0.0000
v 0.0000 -0.0005 0.0135
v -0.0067 -0.0001 0.0029
v -0.0028 0.0040 -0.0009
v -0.0057 0.0020 -0.0004
v -0.0022 0.0027 0.0029
v -0.0044 0.0013 0.0029
v 0.0057 0.0020 -0.0004
v 0.0028 0.0040 -0.0009
v 0.0044 0.0013 0.0029
v 0.0022 0.0027 0.0029
v -0.0000 0.0027 0.0074
v 0.0056 0.0019 0.0079
v -0.0056 0.0019 0.0079
l 1 0
l 5 1
l 7 5
l 9 5
l 11 7
e 6 7
l 13 3
l 0 2
e 2 6
e 6 1
l 4 3
e 6 4
l 15 4
l 3 8
l 8 9
l 4 10
l 10 11
l 11 9
l 10 8
l 0 12
l 12 13
l 2 14
l 14 15
l 15 13
l 14 12
l 16 17
l 16 18
f 2 1 0
f 1 7 5
f 8 4 3
f 12 2 0
f 7 9 5
f 11 7 6
f 14 15 6
f 11 8 9
f 4 13 3
f 13 14 12
f 2 6 1
f 1 6 7
f 8 10 4
f 12 14 2
f 7 11 9
f 6 4 10
f 10 11 6
f 6 2 14
f 15 4 6
f 11 10 8
f 4 15 13
f 13 15 14

